016273000000500000000000500007006100801709000000800000005400000000000000000000000
001000500000000000000807000802400005106030000000700000004960000005040000000000000
000000000000200000006700300020401900900027035000305000040050000000000000000000000
008400000000012000056008000003067000080009000002050400000040500000000000000000000
003000800070000000000040000000450006580710000090628000000006000020000000000000000
000000000009040000010082900061020000037016000000008000090000000000030000000900000
000200000000071000070483000012030000007000800800900000000009470000000000000000000
000705000040060000690000000004009070005803000708004060050000000000000000000000000
030700010000005000504080000005962000900004000000001000203000000009000000000000000
008400000005031000020700000009004000007200840004800000001000000000040000000000000
000030000008710000190084200040800000001090000500000300000000190000000000000000000
000009000970048000008020000300700000000000000720803005006930000000000000000000000
000500000000000000000090000001983000200704300079051000000827000000000000000000000
000090000100860000200000000000080000400300000057416090002009400000000000000000000
000060000000000008008091000000040000637900100004215000000020000000006000000000000
070030060000000000086040000000400000001080690000590200900003000000700000000000000
000000000000001000004300000057902006000704010009630007000003000000040000000000000
070050000000830000020600000051080000000090000006107000003000000005003000000002000
000002000000750020000004000009540000006080200005300010040000000100400000000000000
030000000000007000000190500068000140000003000391080600000000000002008000000000000
000000000000032000090107000030075000007208060100309000000000002000006000000000000
000600700902000500000004000068300004010009000000080000000030000004000000090040000
010009000060000000300000000006057000084030010007001000000068070000000000000400000
000200000000090000102000030906571000200360000000082000000600005000000000000000000
000809000000600400300040000004070030683200100290500000000000000000000000000000000
002500000000003400070600000006804000047052000009100003000000000004000000000000000
000004000601090000024000800009806300008050000000000000000243000000010000000000000
000000000107980000000020040709400000000570000052008900000010070000000000000000000
000002000000005000000800000065327040000100607103900080000500000000000000000000000
000809000000000000705000800020000300000201700389040250000070000000000000000000000
000000000000203000093600400000720000004096000800040000000008001000019000000000000
000060000000008000000390000501006090007003000006080100012009000000000700000000000
040000200001002600900374000300068000008500000000000000000200000000480000000000000
000010000070000000000007000002500000010276000000901000009760400000000800003000000
000090000000130095006050000395000010000760020000080000000000000000042000000000000
000064000000000000003587000409300605070000800001702000007000000000000000000000000
000050000000207000000000000015004289008012000004703000006900000000000000000000000
000800000007000000000009000000000200603500080002000400000231600006000070000900000
000000000000000000800609000050487200009002000004351000320800000000000000000000000
001000000000005000000040080900080430000020750084950100000500000000000000000000000
000005000090060000004000000000740000076320000000600100020904000000007000000200000
000000000000270800000310050005069000301400000080000000007000000008001000006000000
000000070000820000300000000104000000007081030000590000000710400005000000000000600
000020000008070000000800600800005300700602000204000000050907400000000000000000000
000000000004000000000820300000030000000002580002970000620015000005009000000000000
000300000400000700208000060509020000000007000030600000000908000000760000004000000
000013000000000200000826000000309050000460901056000000000007020000000000000000000
000030000000000000007520630030250100010700800050080090000000000000000000000090000
000600000007000000003000500780005100016300000540007000000800000000040800000000000
006000800000390000007000000074820000003960400000053000000000000000040000002000000
000040000000009500000020000009030000000010040082056000047260000000000090000000000
000600000108000600000950000000210005002004000074830000000000000003006000000000000
020007000080000000000030000000503000705600013039021700000200000000000000000000000
070010000030000000000000000002109000080675204000008000000063000000000700000090000
000003000000006000000520100178605000000302040000000000009000000600080000000090000
000000000001900000020816000500300600000605080006020000000008000008001000000000000
006050000071006000004100900058900700000001000090500280000000000000000000000000000
000070000070000000008561000000659000690820000040700000900200000000000000000000000
000100000006000000003008000600800100108605000000379000020000000005000000009000000
000100000500000000000008060060950000058064030024780000000000100000000000000000000
000000000000700000600003500030060700002809000000001800300100090000092000000000000
000000020300100000000060000048356100060200450070090000000000600000000000000000000
000080009000004003005000160003009500000000000040007000060093002000060000000000000
000039000006000000004256000720013800000004000500800000000001000000000000000007000
000006000007200000146000000560370000000800000030000020002000500000001800000000000
090070100004000000000009000000090700806251400020600000000000250000000000000000000
000006800000000000000130400100008300087600000000900500000000030000020005000009000
001608000000000000050402800080704000000090700060013000070000000008000000000000000
000007000500000000000900000000329100000850300415060000000003000000090000000000700
900000000000098500408100007040300800700016000000840000000000000000600000000000000
000090000070268500000100000000370000682900000000600000000007300000040000000000000
010500000000400000000000800002000600005830000000192030003680000500000000000000000
030000400600000000000240000570310008003080000280060000000000000000900000000700000
000900000000800300002400670000086000008500000006031000060000000000000000000205000
000000090015700000007200300000001000180400000004900000053020000000070000000000000
006000000000000200407060000000970050052003000800000040004520000000000000000000400
000000000002043900000507300500008000409052000280190000000000000000000000000000000
000000000000020300100000000401072000080090000690841070000000500000000800000000000
000000000500200800000408100081600900760090000004300000000060000002000000000000000
000904000021000300008700000000087040700400000000600000070006000000050000000040000
000804000006001000020000000070048000010297000800013000002000000000000040000000000
089010050000280000000040000006007000000090302090600000600300000004000000000000000
000070000000203009000510000006137500000002000080000000000080000030020060000000000
000000020000000000102600594080007600009000000007090200000700000000086000000000000
006000000000005000000200400005007000003069870002000000800502300007000000000000000
000000000003400200040209000009500030000106800070800000000360000000004000000000000
000030000000100000000075000200301000005908000000200170300600000000500000000090000
000010000005000000940800000760093000039526000000080000003000002000000000000000000
000000000000000900009037200800053400000002000053009100007800000080000000000000000
800000000000500000007320004190873200000400000000006400000005000060000000000000000
020000000100000000000000090905710300200500000076000000000070000008001000000009010
000300000007000000902000000009050360036400000804700000000010200000030000000000000
000402000003000000608079000730040050901030000000006000480000000000000000000000000
000300000000060700006000000001500400000800900468030000805010000000000000000000050
080000000000000000205108000000524001070603004020010600000009000000000000000000000
085000000060000020010098000007060000090010000302000000000030070000009000000020000
000000000001080000000906000000809000100572036000100000060700090002000000000000000
000000000007000000400601000050240000004316070083000000000500000002000000000400000
000037000000010000001020000003090000004000000080465000700100000008506000000000000
005070000000090000007000100006320000000500000103908200090100000000009000000000000
